term.id p.value
GO:0008074 0.00428
GO:0004383 0.00428
GO:0009975 0.00964
GO:0016849 0.00964
