term.id domain term.name p.value overlap.size term.size intersection
GO:0008074 CC guanylate cyclase complex, soluble 0.00428 3 17 ENSG00000061918,ENSG00000164116,ENSG00000174233
GO:0004383 MF guanylate cyclase activity 0.00428 3 17 ENSG00000061918,ENSG00000164116,ENSG00000174233
GO:0009975 MF cyclase activity 0.00964 3 22 ENSG00000061918,ENSG00000164116,ENSG00000174233
GO:0016849 MF phosphorus-oxygen lyase activity 0.00964 3 22 ENSG00000061918,ENSG00000164116,ENSG00000174233
